merge_sort:

reversed.txt: 
10000: 0.0011553 0.0016963 0.0010469 0.0010116 0.0011409 0.0010564 0.0010179 0.000988 0.0009396 0.0009776 Avg: 0.00110305
100000: 0.0157243 0.0145346 0.01331 0.0122698 0.0139098 0.0128749 0.0125793 0.0118569 0.0149013 0.0127401 Avg: 0.0134701
1e+06: 0.173539 0.175114 0.172406 0.170974 0.167187 0.166717 0.16923 0.169668 0.172666 0.172193 Avg: 0.17097
1e+07: 2.00954 2.01972 1.90151 1.97757 1.94805 1.88696 1.92981 1.87014 2.03046 1.9392 Avg: 1.9513

sorted.txt: 
10000: 0.0009922 0.0009876 0.0009996 0.0009621 0.0010029 0.0010606 0.0009999 0.0010286 0.0010324 0.0010667 Avg: 0.00101326
100000: 0.013951 0.0117449 0.0125237 0.0131202 0.0129646 0.0131142 0.0127746 0.0124308 0.0119824 0.0121913 Avg: 0.0126798
1e+06: 0.168912 0.168678 0.157541 0.156607 0.158814 0.158823 0.162225 0.165615 0.151516 0.153702 Avg: 0.160243
1e+07: 1.86305 1.93245 2.62854 1.95624 1.99023 1.86366 1.85271 1.95826 1.9974 1.91497 Avg: 1.99575

random.txt: 
10000: 0.001634 0.0016209 0.0019534 0.0018512 0.0017209 0.0021883 0.0016698 0.001755 0.00171 0.0017168 Avg: 0.00178203
100000: 0.0219873 0.0218884 0.0224243 0.0228443 0.0250701 0.0231612 0.022027 0.0224673 0.0214385 0.024935 Avg: 0.0228243
1e+06: 0.289198 0.180763 0.160665 0.168331 0.168291 0.200448 0.186764 0.186199 0.177761 0.178762 Avg: 0.189718
1e+07: 2.07035 2.02892 1.91992 1.90384 1.90858 1.85598 1.87723 1.91123 2.32388 2.09228 Avg: 1.98922



shell_sort:

reversed.txt: 
10000: 0.0014123 0.001417 0.0012669 0.0011613 0.0012399 0.0011511 0.00111 0.0010508 0.0011079 0.0011166 Avg: 0.00120338
100000: 0.0179218 0.016626 0.0154686 0.015076 0.0155833 0.0164757 0.0137539 0.014583 0.0166598 0.0148756 Avg: 0.0157024
1e+06: 0.204805 0.0763244 0.0672998 0.0748384 0.0612426 0.0658741 0.0641661 0.0694245 0.0720464 0.0693093 Avg: 0.0825331
1e+07: 0.787008 0.773373 0.758092 0.785478 0.789714 0.795078 0.772382 0.820062 0.795024 0.779257 Avg: 0.785547

sorted.txt: 
10000: 0.0003676 0.000422 0.000418 0.0005138 0.0004652 0.0003556 0.0003608 0.0003778 0.0003755 0.0003831 Avg: 0.00040394
100000: 0.0051536 0.0045551 0.0046979 0.0047018 0.0047997 0.0057341 0.0046444 0.00517 0.0048572 0.0045483 Avg: 0.00488621
1e+06: 0.0681446 0.0667477 0.0651615 0.0633013 0.0624205 0.0656539 0.0622274 0.0665457 0.0664474 0.0617306 Avg: 0.0648381
1e+07: 0.763158 0.875665 0.850623 0.784961 0.776675 0.764877 0.728725 0.808163 0.761954 0.737747 Avg: 0.785255

random.txt: 
10000: 0.0029826 0.0028951 0.0032311 0.0032855 0.0032988 0.0030404 0.0030186 0.0031226 0.0029567 0.0031847 Avg: 0.00310161
100000: 0.0562355 0.0584117 0.0587513 0.0614142 0.0654137 0.0569603 0.0613469 0.0556588 0.0549894 0.0664413 Avg: 0.0595623
1e+06: 0.942923 0.0687462 0.0633052 0.0698674 0.063121 0.108002 0.0773014 0.0718314 0.076258 0.0689473 Avg: 0.16103
1e+07: 0.916619 0.783401 0.792244 0.785802 0.769247 0.756205 0.771273 0.762815 1.22365 0.778489 Avg: 0.833974



insertion_sort:

reversed.txt: 
10000: 0.178035 0.200702 0.174144 0.166619 0.174136 0.167416 0.159683 0.164887 0.166457 0.162489 Avg: 0.171457
100000: 17.5669 22.5093 16.038 15.5712 15.3343 15.4369 15.375 16.0684 15.7109 16.1306 Avg: 16.5741
1e+06: 0 0 0 0 0 0 0 0 0 0 Avg: 0
1e+07: 0 0 0 0 0 0 0 0 0 0 Avg: 0

sorted.txt: 
10000: 3.72e-05 3.55e-05 3.8e-05 3.9e-05 3.72e-05 3.89e-05 5.22e-05 3.78e-05 6.04e-05 6.54e-05 Avg: 4.416e-05
100000: 0.0004131 0.0004943 0.0003525 0.0003829 0.0003935 0.0004492 0.0004424 0.0003994 0.0003874 0.0003822 Avg: 0.00040969
1e+06: 0 0 0 0 0 0 0 0 0 0 Avg: 0
1e+07: 0 0 0 0 0 0 0 0 0 0 Avg: 0

random.txt: 
10000: 0.0805347 0.0765766 0.076929 0.0781401 0.0818435 0.0769829 0.0785947 0.0830182 0.0757938 0.0837749 Avg: 0.0792188
100000: 7.89504 7.94768 7.80132 7.86201 7.82683 7.68828 7.79217 7.59632 8.05535 7.87144 Avg: 7.83364
1e+06: 0 0 0 0 0 0 0 0 0 0 Avg: 0
1e+07: 0 0 0 0 0 0 0 0 0 0 Avg: 0



heap_sort:

reversed.txt: 
10000: 0.0023957 0.0023319 0.0019706 0.002096 0.0019891 0.0022296 0.0019909 0.0020011 0.0021264 0.0023564 Avg: 0.00214877
100000: 0.0319345 0.0245783 0.0239416 0.0243695 0.0236427 0.0266144 0.0237433 0.0269639 0.0233276 0.0254283 Avg: 0.0254544
1e+06: 0.348407 0.0309383 0.0237355 0.026466 0.0242735 0.0227742 0.0240841 0.0300058 0.0300095 0.026226 Avg: 0.058692
1e+07: 0.243342 0.238698 0.272341 0.262727 0.223421 0.283918 0.224612 0.254218 0.271057 0.265539 Avg: 0.253987

sorted.txt: 
10000: 0.001947 0.0018751 0.0019069 0.0020345 0.0018436 0.0018965 0.0023934 0.001973 0.0020333 0.002245 Avg: 0.00201483
100000: 0.0284952 0.0287048 0.0282246 0.0299755 0.0281011 0.0302555 0.0268902 0.0354741 0.0259404 0.029371 Avg: 0.0291432
1e+06: 0.354908 0.352205 0.342798 0.342399 0.339758 0.339577 0.333824 0.33768 0.33878 0.334554 Avg: 0.341648
1e+07: 0.275781 0.260382 0.248589 0.226296 0.240572 0.26875 0.25485 0.252055 0.235837 0.285019 Avg: 0.254813

random.txt: 
10000: 0.0004599 0.0010022 0.0009737 0.0003797 0.00057 0.000548 0.0005385 0.0006329 0.0004251 0.0008883 Avg: 0.00064183
100000: 0.0028697 0.0033624 0.0033167 0.0036922 0.0028916 0.0034134 0.0036438 0.0043492 0.0030698 0.004083 Avg: 0.00346918
1e+06: 0.0398238 0.103917 0.0999053 0.102012 0.100208 0.153249 0.114388 0.117342 0.116581 0.107438 Avg: 0.105486
1e+07: 0.244967 0.24735 0.23683 0.245899 0.291763 0.251675 0.227808 0.272361 0.24999 0.266375 Avg: 0.253502



radix_sort:

reversed.txt: 
10000: 0.0039212 0.0029831 0.0031637 0.0032308 0.0029276 0.0029339 0.00256 0.0029993 0.0026441 0.0042747 Avg: 0.00316384
100000: 0.0319123 0.0309781 0.0284932 0.0294421 0.0280326 0.030762 0.0267181 0.033247 0.0286877 0.0269848 Avg: 0.0295258
1e+06: 0.336184 0.226836 0.00303 0.0028555 0.0030846 0.0029869 0.002904 0.0037995 0.0030083 0.0029888 Avg: 0.0587678
1e+07: 0.0364949 0.0296591 0.0270176 0.0311685 0.0297368 0.0293277 0.0279348 0.030647 0.0307087 0.0262381 Avg: 0.0298933

sorted.txt: 
10000: 0.0018227 0.0023131 0.0022144 0.0021883 0.0023706 0.0022727 0.0027587 0.0024712 0.0028381 0.0024294 Avg: 0.00236792
100000: 0.0276899 0.0310362 0.0304393 0.0290794 0.0284434 0.0290237 0.0299834 0.0328533 0.0293173 0.0288457 Avg: 0.0296712
1e+06: 0.37622 0.357583 0.344924 0.347172 0.340634 0.342584 0.338464 0.344741 0.338075 0.33537 Avg: 0.346577
1e+07: 0.0313927 0.033162 0.030031 0.0293007 0.0268083 0.0259766 0.0286458 0.0267673 0.0283285 0.027298 Avg: 0.0287711

random.txt: 
10000: 0.0020674 0.0025704 0.0022808 0.0022056 0.0021114 0.002198 0.0022218 0.0022134 0.0021668 0.002324 Avg: 0.00223596
100000: 0.0222322 0.0240271 0.0241149 0.0327543 0.0234811 0.0234779 0.0230619 0.022345 0.0252508 0.0232026 Avg: 0.0243948
1e+06: 0.267303 0.259115 0.26553 0.28044 0.297445 0.357134 0.326713 0.280502 0.262177 0.277618 Avg: 0.287398
1e+07: 0.0335281 0.0260818 0.0273659 0.0289913 0.0303289 0.030401 0.0259971 0.0331961 0.0300423 0.034863 Avg: 0.0300795



