merge_sort:

reversed.txt: 
1000: 0.0015914 0.0016729 0.0013988 0.0012418 0.001516 0.0015162 0.0014982 0.0011773 0.0012505 0.0014234 Avg: 0.00142865
10000: 0.0157054 0.0226222 0.0198885 0.0187961 0.012516 0.0233233 0.0245134 0.0178151 0.0211461 0.0281221 Avg: 0.0204448
100000: 0.192415 0.149457 0.218551 0.145664 0.159191 0.164005 0.226314 0.185371 0.176717 0.164359 Avg: 0.178204

sorted.txt: 
1000: 0.0013092 0.0021672 0.0015753 0.0013909 0.0009848 0.0014199 0.001278 0.0013323 0.0013987 0.0012398 Avg: 0.00140961
10000: 0.0137759 0.0204793 0.0187701 0.0195671 0.0147765 0.0195027 0.0183234 0.0252227 0.0237414 0.0262165 Avg: 0.0200376
100000: 0.144576 0.130513 0.129557 0.147951 0.141114 0.141998 0.142447 0.131189 0.132152 0.13001 Avg: 0.137151

random.txt: 
1000: 0.0019113 0.0013711 0.002674 0.0038019 0.0023731 0.0029052 0.0039157 0.0025428 0.0035833 0.0027831 Avg: 0.00278615
10000: 0.0347963 0.0270682 0.0278798 0.026573 0.0445169 0.0299119 0.0234566 0.0288414 0.0291819 0.0360994 Avg: 0.0308325
100000: 0.24728 0.137609 0.126615 0.142488 0.134713 0.141953 0.136411 0.146092 0.142028 0.148932 Avg: 0.150412



shell_sort:

reversed.txt: 
1000: 0.0026147 0.0023636 0.0017613 0.0010647 0.0011476 0.0016374 0.0012008 0.0009882 0.00133 0.0016029 Avg: 0.00157112
10000: 0.0183756 0.02204 0.0276885 0.0200882 0.0153604 0.0169112 0.0201393 0.0201399 0.0237545 0.0267069 Avg: 0.0211204
100000: 0.179603 0.0634801 0.0759581 0.0734536 0.0793063 0.0695863 0.073043 0.0744846 0.0725691 0.0756015 Avg: 0.0837086

sorted.txt: 
1000: 0.0005162 0.0008087 0.0005072 0.0005298 0.0007708 0.0006277 0.0004668 0.000509 0.0005062 0.0004649 Avg: 0.00057073
10000: 0.0096 0.0075629 0.0093786 0.0098967 0.0061459 0.0104864 0.0102068 0.0059611 0.0099747 0.010252 Avg: 0.00894651
100000: 0.0776358 0.0563636 0.0539047 0.0490074 0.0591229 0.0557978 0.0591961 0.0531407 0.053752 0.0695998 Avg: 0.0587521

random.txt: 
1000: 0.0049037 0.0028958 0.0043012 0.0074655 0.0054263 0.0041989 0.0070349 0.0042251 0.0064859 0.0041716 Avg: 0.00511089
10000: 0.065156 0.0590087 0.0753149 0.0614141 0.0762094 0.0639157 0.0678663 0.0544212 0.0536681 0.0814642 Avg: 0.0658439
100000: 0.749616 0.0669278 0.0503468 0.0615496 0.0480957 0.0597307 0.0509084 0.0640039 0.0574124 0.0751071 Avg: 0.12837



insertion_sort:

reversed.txt: 
1000: 0.176064 0.156793 0.144256 0.128611 0.127457 0.180398 0.120385 0.177873 0.178828 0.158784 Avg: 0.154945
10000: 13.2011 13.8454 14.5901 14.4951 14.6139 14.395 13.9654 14.4664 14.8361 15.2452 Avg: 14.3654
100000: 0 0 0 0 0 0 0 0 0 0 Avg: 0

sorted.txt: 
1000: 5.19e-05 0.0001032 5.32e-05 7.67e-05 6.76e-05 4.87e-05 5.47e-05 7.24e-05 4.31e-05 7.27e-05 Avg: 6.442e-05
10000: 0.0008924 0.0008296 0.0008741 0.000842 0.0006255 0.0008652 0.0009507 0.0004587 0.0008275 0.0008176 Avg: 0.00079833
100000: 0 0 0 0 0 0 0 0 0 0 Avg: 0

random.txt: 
1000: 0.0683141 0.0713814 0.0612574 0.0860219 0.0756409 0.0878316 0.0947291 0.0748124 0.0776187 0.0663716 Avg: 0.0763979
10000: 6.77859 7.13784 7.06358 7.28423 7.30491 7.51281 7.57355 7.06113 7.06441 7.3809 Avg: 7.2162
100000: 0 0 0 0 0 0 0 0 0 0 Avg: 0



heap_sort:

reversed.txt: 
1000: 0.0028081 0.0029347 0.0019303 0.0018438 0.0018428 0.0020916 0.0016639 0.0039243 0.002601 0.0025392 Avg: 0.00241797
10000: 0.0272441 0.0448088 0.0431654 0.0342084 0.0471472 0.0378467 0.031402 0.0336771 0.0348095 0.0307917 Avg: 0.0365101
100000: 0.317307 0.0305051 0.0215488 0.0298898 0.021159 0.0328519 0.0269426 0.0306984 0.0279275 0.0297219 Avg: 0.0568552

sorted.txt: 
1000: 0.0026382 0.0047462 0.0031532 0.0023171 0.0029528 0.0025505 0.0027078 0.0025255 0.0027535 0.002397 Avg: 0.00287418
10000: 0.0350575 0.0338256 0.0325733 0.0338413 0.0323126 0.0414258 0.0346242 0.03456 0.0369186 0.0335121 Avg: 0.0348651
100000: 0.28559 0.0235527 0.0224344 0.0209934 0.0255098 0.0289902 0.0237064 0.0273324 0.0223894 0.0222027 Avg: 0.0502701

random.txt: 
1000: 0.0004056 0.000931 0.001897 0.000377 0.0010312 0.0011614 0.000591 0.001079 0.0006488 0.0017923 Avg: 0.00099143
10000: 0.0072122 0.0057117 0.0043425 0.0032131 0.0073463 0.0048169 0.007342 0.0102248 0.004851 0.0097631 Avg: 0.00648236
100000: 0.0426918 0.0270722 0.0222309 0.0215585 0.0238769 0.020708 0.0227328 0.0207556 0.0222699 0.0309442 Avg: 0.0254841



radix_sort:

reversed.txt: 
1000: 0.0048897 0.0031579 0.0044766 0.0040084 0.0036028 0.0034937 0.0021803 0.0040636 0.0036026 0.0034366 Avg: 0.00369122
10000: 0.036854 0.0307735 0.0397839 0.0295593 0.0511494 0.0232076 0.0420542 0.0313793 0.0605771 0.0347724 Avg: 0.0380111
100000: 0.28214 0.20954 0.0026673 0.0038669 0.0026162 0.0047089 0.003131 0.0037899 0.0041755 0.0036888 Avg: 0.0520325

sorted.txt: 
1000: 0.004682 0.0036333 0.0030915 0.0030913 0.0027004 0.0033137 0.0029815 0.0028685 0.0034143 0.0028124 Avg: 0.00325889
10000: 0.0304806 0.0304715 0.0255801 0.0374971 0.036164 0.0376527 0.0371999 0.0418457 0.0387946 0.035878 Avg: 0.0351564
100000: 0.294906 0.270223 0.0025084 0.0038017 0.0024003 0.0027914 0.0022612 0.0034639 0.0027051 0.0032721 Avg: 0.0588333

random.txt: 
1000: 0.001817 0.0031162 0.0043585 0.0028428 0.0038133 0.0044256 0.0026642 0.0034052 0.0044556 0.0038667 Avg: 0.00347651
10000: 0.0340505 0.0400963 0.0349913 0.0281787 0.0324709 0.0361208 0.0305744 0.0320845 0.0419045 0.040303 Avg: 0.0350775
100000: 0.218474 0.213454 0.0026638 0.0026511 0.0025556 0.0026695 0.0035745 0.0026911 0.0021358 0.0031954 Avg: 0.0454064



